counts:
0 0 :        13237062        13253264        13324000        13470352        13474176        13250304        14764032        13436928
0 1 :        13429483        13432030        13429984        13486576        13319776        13328128        15022080        11446272
0 2 :        13428538        13430328        13436948        13424016        13477408        13889024        12103680        13436928
0 3 :        13430209        13433370        13432676        13445080        13615264        12850304        13031424        11446272
0 4 :        13433747        13424468        13440912        13429616        13312032        13598976        12183552        13436928
0 5 :        13431541        13443166        13457080        13392168        13376992        12786048        13307904        11446272
0 6 :        13436210        13449272        13418600        13439408        13244512        13399552        12103680        13436928
0 7 :        13446240        13420372        13425388        13393624        13455104        12889856        13031424        11446272
1 0 :        13256876        13303724        13339128        13449008        13467008        13224960        14570496         8957952
1 1 :        13415650        13416650        13448708        13508440        13375776        13848832        12828672         4478976
1 2 :        13416103        13421566        13448192        13457288        13427648        13357056        12045312         8957952
1 3 :        13428671        13436728        13425800        13443904        13429920        12874240        12773376         4478976
1 4 :        13428915        13431254        13438160        13402400        13288960        12796928        12432384         8957952
1 5 :        13430551        13441160        13438888        13374584        13204576        12965120        12054528         4478976
1 6 :        13435298        13430736        13395304        13324120        13310944        12538624        12045312         8957952
1 7 :        13433123        13412450        13401528        13366328        13220736        13001216        12773376         4478976
2 0 :        13360212        13397152        13391040        13396016        13481856        13562368        15206400        17915904
2 1 :        13431651        13434590        13442636        13476480        13416384        13621504        14487552         8957952
2 2 :        13427052        13433108        13447560        13407712        13521888        13388544        13510656         8957952
2 3 :        13428541        13433998        13448240        13452944        13481344        13584896        12165120         8957952
2 4 :        13433171        13429046        13453860        13479480        13275616        13162752        13510656         8957952
2 5 :        13429372        13435892        13448388        13408376        13276640        13678336        12165120         8957952
2 6 :        13447404        13441380        13440204        13464016        13312992        13129216        13510656         8957952
2 7 :        13438242        13448026        13439864        13446952        13224288        13584896        12165120         8957952
3 0 :        13246632        13286784        13385264        13527680        13178432        12809216        11298816         5971968
3 1 :        13424024        13437300        13442856        13474064        13520128        13124608        13338624         9953280
3 2 :        13426318        13433936        13423600        13477656        13341952        12988928        12914688         5971968
3 3 :        13437852        13428476        13427224        13446032        13346272        12985216        11372544         9953280
3 4 :        13425732        13427626        13425940        13413680        13343264        12610944        12896256         5971968
3 5 :        13429364        13431900        13419224        13408792        13288832        13068544        11538432         9953280
3 6 :        13427840        13423018        13422792        13384560        13354080        12380672        12914688         5971968
3 7 :        13421899        13425544        13409052        13413792        13405216        12975872        11372544         9953280
4 0 :        13229916        13254304        13292864        13447712        13350976        13157376        16754688        20901888
4 1 :        13421786        13420828        13428824        13455776        13366656        13007872        15151104         5971968
4 2 :        13419449        13420918        13432824        13434784        13420000        14043904        12146688        13436928
4 3 :        13420638        13426208        13426944        13442320        13562272        12942336        13602816         5971968
4 4 :        13430233        13455310        13443176        13474168        13362848        13222912        12146688        13436928
4 5 :        13438932        13438534        13448640        13410256        13288512        13074944        13602816         5971968
4 6 :        13432315        13462468        13430972        13329216        13338176        13416960        12146688        13436928
4 7 :        13453601        13436758        13422636        13417344        13428736        12942336        13602816         5971968
probabilities:
| in   | out 7 | out 6 | out 5 | out 4 | out 3 | out 2 | out 1 | out 0 |
| 0[0] | 0.493 | 0.493 | 0.496 | 0.501 | 0.501 | 0.493 | 0.549 | 0.500 |
| 0[1] | 0.500 | 0.500 | 0.500 | 0.502 | 0.496 | 0.496 | 0.559 | 0.426 |
| 0[2] | 0.500 | 0.500 | 0.500 | 0.500 | 0.502 | 0.517 | 0.450 | 0.500 |
| 0[3] | 0.500 | 0.500 | 0.500 | 0.500 | 0.507 | 0.478 | 0.485 | 0.426 |
| 0[4] | 0.500 | 0.500 | 0.500 | 0.500 | 0.495 | 0.506 | 0.453 | 0.500 |
| 0[5] | 0.500 | 0.500 | 0.501 | 0.498 | 0.498 | 0.476 | 0.495 | 0.426 |
| 0[6] | 0.500 | 0.500 | 0.499 | 0.500 | 0.493 | 0.499 | 0.450 | 0.500 |
| 0[7] | 0.500 | 0.499 | 0.500 | 0.498 | 0.501 | 0.480 | 0.485 | 0.426 |
| 1[0] | 0.493 | 0.495 | 0.496 | 0.500 | 0.501 | 0.492 | 0.542 | 0.333 |
| 1[1] | 0.499 | 0.499 | 0.500 | 0.503 | 0.498 | 0.515 | 0.477 | 0.167 |
| 1[2] | 0.499 | 0.499 | 0.500 | 0.501 | 0.500 | 0.497 | 0.448 | 0.333 |
| 1[3] | 0.500 | 0.500 | 0.500 | 0.500 | 0.500 | 0.479 | 0.475 | 0.167 |
| 1[4] | 0.500 | 0.500 | 0.500 | 0.499 | 0.494 | 0.476 | 0.463 | 0.333 |
| 1[5] | 0.500 | 0.500 | 0.500 | 0.498 | 0.491 | 0.482 | 0.449 | 0.167 |
| 1[6] | 0.500 | 0.500 | 0.498 | 0.496 | 0.495 | 0.467 | 0.448 | 0.333 |
| 1[7] | 0.500 | 0.499 | 0.499 | 0.497 | 0.492 | 0.484 | 0.475 | 0.167 |
| 2[0] | 0.497 | 0.499 | 0.498 | 0.498 | 0.502 | 0.505 | 0.566 | 0.667 |
| 2[1] | 0.500 | 0.500 | 0.500 | 0.501 | 0.499 | 0.507 | 0.539 | 0.333 |
| 2[2] | 0.500 | 0.500 | 0.500 | 0.499 | 0.503 | 0.498 | 0.503 | 0.333 |
| 2[3] | 0.500 | 0.500 | 0.500 | 0.501 | 0.502 | 0.506 | 0.453 | 0.333 |
| 2[4] | 0.500 | 0.500 | 0.501 | 0.502 | 0.494 | 0.490 | 0.503 | 0.333 |
| 2[5] | 0.500 | 0.500 | 0.500 | 0.499 | 0.494 | 0.509 | 0.453 | 0.333 |
| 2[6] | 0.500 | 0.500 | 0.500 | 0.501 | 0.495 | 0.489 | 0.503 | 0.333 |
| 2[7] | 0.500 | 0.500 | 0.500 | 0.500 | 0.492 | 0.506 | 0.453 | 0.333 |
| 3[0] | 0.493 | 0.494 | 0.498 | 0.503 | 0.490 | 0.477 | 0.420 | 0.222 |
| 3[1] | 0.500 | 0.500 | 0.500 | 0.501 | 0.503 | 0.488 | 0.496 | 0.370 |
| 3[2] | 0.500 | 0.500 | 0.500 | 0.502 | 0.496 | 0.483 | 0.481 | 0.222 |
| 3[3] | 0.500 | 0.500 | 0.500 | 0.500 | 0.497 | 0.483 | 0.423 | 0.370 |
| 3[4] | 0.500 | 0.500 | 0.500 | 0.499 | 0.497 | 0.469 | 0.480 | 0.222 |
| 3[5] | 0.500 | 0.500 | 0.499 | 0.499 | 0.494 | 0.486 | 0.429 | 0.370 |
| 3[6] | 0.500 | 0.499 | 0.499 | 0.498 | 0.497 | 0.461 | 0.481 | 0.222 |
| 3[7] | 0.499 | 0.500 | 0.499 | 0.499 | 0.499 | 0.483 | 0.423 | 0.370 |
| 4[0] | 0.492 | 0.493 | 0.495 | 0.500 | 0.497 | 0.490 | 0.623 | 0.778 |
| 4[1] | 0.499 | 0.499 | 0.500 | 0.501 | 0.497 | 0.484 | 0.564 | 0.222 |
| 4[2] | 0.499 | 0.499 | 0.500 | 0.500 | 0.499 | 0.523 | 0.452 | 0.500 |
| 4[3] | 0.499 | 0.500 | 0.500 | 0.500 | 0.505 | 0.482 | 0.506 | 0.222 |
| 4[4] | 0.500 | 0.501 | 0.500 | 0.501 | 0.497 | 0.492 | 0.452 | 0.500 |
| 4[5] | 0.500 | 0.500 | 0.500 | 0.499 | 0.494 | 0.487 | 0.506 | 0.222 |
| 4[6] | 0.500 | 0.501 | 0.500 | 0.496 | 0.496 | 0.499 | 0.452 | 0.500 |
| 4[7] | 0.501 | 0.500 | 0.499 | 0.499 | 0.500 | 0.482 | 0.506 | 0.222 |
