counts:
0 0 :        13443952        13444236        13421096        13475616        13476512        13300992        13867008        10948608
0 1 :        13437005        13444756        13436476        13464904        13490304        13220864        13640704         8792064
0 2 :        13436858        13439528        13433000        13451168        13448352        13292256        13411328        13934592
0 3 :        13439106        13437284        13447008        13472680        13447344        13487840        14724096        15593472
0 4 :        13432193        13445452        13418596        13427920        13407184        13624160        12558336        10616832
0 5 :        13432047        13429378        13433612        13427712        13557296        13267808        13782016        13602816
0 6 :        13436177        13434998        13442692        13433784        13430896        13568384        13017088        16257024
0 7 :        13433153        13438426        13442396        13459168        13518304        13558752        13402112        12109824
1 0 :        13432762        13437196        13432448        13421296        13487360        13098752        11577344         6469632
1 1 :        13436106        13427754        13440100        13440712        13497120        13651136        13419520         7299072
1 2 :        13437890        13433378        13420568        13477768        13358368        13639456        16316416        20901888
1 3 :        13435054        13442980        13443816        13435008        13518736        13504768        13076480        12109824
1 4 :        13432764        13437468        13442768        13454120        13425584        13479136        13021184        14598144
1 5 :        13439871        13433908        13420392        13434408        13297328        13318016        13869056        14432256
1 6 :        13440849        13444056        13436628        13431520        13413008        13423616        12824576        13768704
1 7 :        13434364        13435888        13450788        13448480        13469328        13597824        12734464        12441600
2 0 :        13440738        13434732        13431784        13445792        13425344        13275136        13348864        16257024
2 1 :        13441269        13433156        13440280        13447224        13440864        13311360        13911040        17418240
2 2 :        13438077        13435710        13425416        13425608        13399072        13177472        13437952        12939264
2 3 :        13437709        13438232        13430988        13458584        13443200        13417920        13373440        14764032
2 4 :        13437120        13440398        13439724        13423840        13409120        13513024        13853696        16091136
2 5 :        13439731        13434664        13426344        13429464        13435136        13243296        13303808        14100480
2 6 :        13435065        13433038        13437044        13425704        13487744        13535040        11599872        10285056
2 7 :        13435811        13435926        13426264        13450256        13534736        13464128        12987392        12773376
3 0 :        13433504        13433772        13417504        13490656        13533440        13159296        14154752         6469632
3 1 :        13439461        13428056        13436484        13486104        13429328        13466624        14516224        11280384
3 2 :        13441066        13437598        13426116        13441680        13391680        13259168        12778496         9455616
3 3 :        13432777        13440624        13446516        13420408        13397056        13479104        13401088        10616832
3 4 :        13429743        13430576        13438112        13419928        13516256        13519200        13604864        10119168
3 5 :        13432416        13436072        13428356        13413744        13371168        13182016        13706240        11446272
3 6 :        13434767        13434988        13430112        13390720        13453872        13295840        13303808         9621504
3 7 :        13436651        13437954        13429236        13417664        13434064        13472160        14925824        12109824
4 0 :        13435874        13439024        13436696        13462672        13351392        13368320        14006272        15759360
4 1 :        13434379        13435670        13445236        13407160        13458688        13416512        13304832        12939264
4 2 :        13436058        13432040        13433444        13469488        13525520        13568224        13731840        13105152
4 3 :        13434850        13435874        13457600        13477216        13470000        13301600        13491200        14100480
4 4 :        13437195        13433864        13432524        13477496        13433376        13745216        13187072        14266368
4 5 :        13437417        13436792        13447876        13431224        13426624        13482368        13090816        12275712
4 6 :        13436848        13439010        13435636        13439968        13501456        13448256        14239744        14764032
4 7 :        13436633        13440788        13440428        13406808        13507312        13372000        12795904        17418240
probabilities:
| in   | out 7 | out 6 | out 5 | out 4 | out 3 | out 2 | out 1 | out 0 |
| 0[0] | 0.500 | 0.500 | 0.499 | 0.501 | 0.501 | 0.495 | 0.516 | 0.407 |
| 0[1] | 0.500 | 0.500 | 0.500 | 0.501 | 0.502 | 0.492 | 0.508 | 0.327 |
| 0[2] | 0.500 | 0.500 | 0.500 | 0.501 | 0.500 | 0.495 | 0.499 | 0.519 |
| 0[3] | 0.500 | 0.500 | 0.500 | 0.501 | 0.500 | 0.502 | 0.548 | 0.580 |
| 0[4] | 0.500 | 0.500 | 0.499 | 0.500 | 0.499 | 0.507 | 0.467 | 0.395 |
| 0[5] | 0.500 | 0.500 | 0.500 | 0.500 | 0.504 | 0.494 | 0.513 | 0.506 |
| 0[6] | 0.500 | 0.500 | 0.500 | 0.500 | 0.500 | 0.505 | 0.484 | 0.605 |
| 0[7] | 0.500 | 0.500 | 0.500 | 0.501 | 0.503 | 0.505 | 0.499 | 0.451 |
| 1[0] | 0.500 | 0.500 | 0.500 | 0.499 | 0.502 | 0.487 | 0.431 | 0.241 |
| 1[1] | 0.500 | 0.500 | 0.500 | 0.500 | 0.502 | 0.508 | 0.499 | 0.272 |
| 1[2] | 0.500 | 0.500 | 0.499 | 0.502 | 0.497 | 0.508 | 0.607 | 0.778 |
| 1[3] | 0.500 | 0.500 | 0.500 | 0.500 | 0.503 | 0.503 | 0.487 | 0.451 |
| 1[4] | 0.500 | 0.500 | 0.500 | 0.501 | 0.500 | 0.502 | 0.485 | 0.543 |
| 1[5] | 0.500 | 0.500 | 0.499 | 0.500 | 0.495 | 0.496 | 0.516 | 0.537 |
| 1[6] | 0.500 | 0.500 | 0.500 | 0.500 | 0.499 | 0.500 | 0.477 | 0.512 |
| 1[7] | 0.500 | 0.500 | 0.501 | 0.500 | 0.501 | 0.506 | 0.474 | 0.463 |
| 2[0] | 0.500 | 0.500 | 0.500 | 0.500 | 0.500 | 0.494 | 0.497 | 0.605 |
| 2[1] | 0.500 | 0.500 | 0.500 | 0.500 | 0.500 | 0.495 | 0.518 | 0.648 |
| 2[2] | 0.500 | 0.500 | 0.500 | 0.500 | 0.499 | 0.490 | 0.500 | 0.481 |
| 2[3] | 0.500 | 0.500 | 0.500 | 0.501 | 0.500 | 0.499 | 0.498 | 0.549 |
| 2[4] | 0.500 | 0.500 | 0.500 | 0.500 | 0.499 | 0.503 | 0.516 | 0.599 |
| 2[5] | 0.500 | 0.500 | 0.500 | 0.500 | 0.500 | 0.493 | 0.495 | 0.525 |
| 2[6] | 0.500 | 0.500 | 0.500 | 0.500 | 0.502 | 0.504 | 0.432 | 0.383 |
| 2[7] | 0.500 | 0.500 | 0.500 | 0.500 | 0.504 | 0.501 | 0.483 | 0.475 |
| 3[0] | 0.500 | 0.500 | 0.499 | 0.502 | 0.504 | 0.490 | 0.527 | 0.241 |
| 3[1] | 0.500 | 0.500 | 0.500 | 0.502 | 0.500 | 0.501 | 0.540 | 0.420 |
| 3[2] | 0.500 | 0.500 | 0.500 | 0.500 | 0.498 | 0.493 | 0.475 | 0.352 |
| 3[3] | 0.500 | 0.500 | 0.500 | 0.499 | 0.499 | 0.502 | 0.499 | 0.395 |
| 3[4] | 0.500 | 0.500 | 0.500 | 0.499 | 0.503 | 0.503 | 0.506 | 0.377 |
| 3[5] | 0.500 | 0.500 | 0.500 | 0.499 | 0.498 | 0.491 | 0.510 | 0.426 |
| 3[6] | 0.500 | 0.500 | 0.500 | 0.498 | 0.501 | 0.495 | 0.495 | 0.358 |
| 3[7] | 0.500 | 0.500 | 0.500 | 0.499 | 0.500 | 0.501 | 0.555 | 0.451 |
| 4[0] | 0.500 | 0.500 | 0.500 | 0.501 | 0.497 | 0.497 | 0.521 | 0.586 |
| 4[1] | 0.500 | 0.500 | 0.500 | 0.499 | 0.501 | 0.499 | 0.495 | 0.481 |
| 4[2] | 0.500 | 0.500 | 0.500 | 0.501 | 0.503 | 0.505 | 0.511 | 0.488 |
| 4[3] | 0.500 | 0.500 | 0.501 | 0.501 | 0.501 | 0.495 | 0.502 | 0.525 |
| 4[4] | 0.500 | 0.500 | 0.500 | 0.502 | 0.500 | 0.511 | 0.491 | 0.531 |
| 4[5] | 0.500 | 0.500 | 0.500 | 0.500 | 0.500 | 0.502 | 0.487 | 0.457 |
| 4[6] | 0.500 | 0.500 | 0.500 | 0.500 | 0.502 | 0.500 | 0.530 | 0.549 |
| 4[7] | 0.500 | 0.500 | 0.500 | 0.499 | 0.503 | 0.498 | 0.476 | 0.648 |
